122001001000  0010018440044726    3562                     5    20190600447260017031
151001085000RT1517069740012297       0                     5    20190600122970067204
111001086012RT1517040940000048       3                     5    20190600000480067214
151001087000  0RT1309090025396    2062                     5    20190600253960007637
151001088000RT1517040910003582     652                     5    20190600035820067211
120001089000RT1517040980025291     812                     5    20190600252910067218
111001092000RT1518099470111102       2                     5    20190600018300085816
111001093000  RT14039650002114     835                     5    20190600021140024601
111001097000  RT14039640002440     488                     5    20190600024400008084
1110011030000RT151855800110652       1                     5    20190600509600080775
111001106000  RT14042920011120      92                     5    20190600111200022427
111001107000  0RT0915340025647    1684                     5    20190600256470029623
111001107001RT1516040450103972     158                     5    20190601035090059416
111001107010  0RT1206150025065      59                     5    20190600250650030738
111001107020RT1517049760106878      12                     5    20190601055790069005
111001112000RT1517063370000367     359                     5    20190600003670066765
111001114000  RT14025510004255     119                     5    20190600042550008085
111001115000  RT14025520002193     375                     5    20190600021930006955
111001120000RT2015005140002740       0                     5    20190600027400052054
111001122000  RT14025530030845     243                     5    20190600308450018250
111001123000  RT14025600002372    1118                     5    20190600023720011547
111001124000  RT14025550001477     204                     5    20190600014770022428
1110011250000RT151850340109544      77                     5    20190600542720080229
1110011260000RT151808430040395      34                     5    20190600403950074747
111001129000  RT14025580000229     527                     5    20190600002290016001
111001130000  RT14025570000226     531                     5    20190600002260009202
1110011310000RT151808450005199      71                     5    20190600051990074749
1110011340000RT151808420004050     210                     5    20190600040500074746
1110011350000RT151808480038301     117                     5    20190600383010074752
111001136000  RT14041220004201     143                     5    20190600042010001366
111001137000  RT14040880014957     778                     5    20190600149570004725
151001141000  RT14025540028653     831                     5    20190600286530010564
111001141010RT1517074460031043     587                     5    20190600310430071597
111001144000  RT14041260024714     881                     5    20190600247140002505
111001145000  RT14025590004387     313                     5    20190600043870009203
111001148000  RT14041270012300     103                     5    20190600123000031760
111001152000  0RT1138080040869     516                     5    20190600408690022077
111001153000  RT14041290000041     385                     5    20190600000410019382
111001154000  0RT0914420000035    1999                     5    20190600000350001367
151001158000  0RT2002920000029    4026                     5    20190600000290026409
121001160000  RT14041250000228    1463                     5    20190600002280032767
111001161000  RT14041210008041      57                     5    20190600080410006956
151001166010RT1517074470111314     376                     5    20190600547800071598
111001167000RT2015005120007156     346                     5    20190600071560052052
1110011700000RT151819180000232       3                     5    20190600002320075822
111001174000  RT14041300004474      57                     5    20190600044740026861
111001175000  RT14041240027462      78                     5    20190600274620014864
111001176000  RT14015650052208     822                     5    20190600522080014769
1510011790000RT151808410002260     560                     5    20190600022600074745
111001182000  RT14041230002174     810                     5    20190600021740000224
111001182010RT1515024770102890     309                     5    20190601027000054764
1110011850000RT151819160038075     145                     5    20190600380750075820
1110011850100RT151819190028445       1                     5    20190600284450075823
111001188000  RT14041280000033     597                     5    20190600000330026862
154001190000RT1517038430000040     374                     5    20190600000400065501
111001194001  RT15004480013397     580                     5    20190600133970030731
111001195000  RT15012230020428       0                     5    20190600204280009208
111001196000  RT14024670001510     686                     5    20190600015100024603
111001196010  0RT1301960001509     386                     5    20190600015090022429
111001197000RT1516012030001511      57                     5    20190600015110055007
111001197010RT1516012040001508     390                     5    20190600015080055008
151001200000RT1517087850002907     490                     5    20190600029070071963
111001200001RT1516046820016788      73                     5    20190600167880059140
111001200010  0RT0927040010497     648                     5    20190600104970030732
111001200011RT1516046830015368     247                     5    20190600153680059141
111001200012RT1516046810017621       1                     5    20190600176210059139
111001201000  0RT0903110020835    2902                     5    20190600208350035507
111001202010  RT14044310001141     276                     5    20190600011410014857
111001203000  0RT2002990026782    1430                     5    20190600267820034013
111001204000  RT14024690005728     623                     5    20190600057280022431
111001206000RT1516012020010648     309                     5    20190600106480055006
1110012080000RT151839610040356     136                     5    20190600403560078022
111001211000RT1516016760014641      87                     3    20190600146410055000
111001212000RT1516005110029578     551                     5    20190600295780055189
111001213000RT1516005120023315     131                     5    20190600233150055190
111001214000  RT14024650003698     161                     5    20190600036980002496
111001216000RT1517087840000240     245                     5    20190600002400071815
111001217000  RT14049740002189     360                     5    20190600021890023552
111001220000RT1517087830000249       3                     5    20190600002490071814
1110012200010RT151851260007889       4                     5    20190600078890080321
111001222000  0RT0900180001022    2447                     5    20190600010220009204
111001224000RT1517082790006126     184                     5    20190600061260071779
111001225000  0RT1401200017790     525                     5    20190600177900019384
111001226000  RT15004500011863     483                     5    20190600118630005861
1110012270000RT151710260033433      93                     5    20190600334330062622
111001228000  RT14049730001229     506                     5    20190600012290034006
111001235000RT1516046720002265     263                     5    20190600022650059130
111001237000  RT14040890000225     138                     5    20190600002250034007
111001241000  RT14049710000227     361                     5    20190600002270000225
111001242000RT1517053090003108     130                     5    20190600031080067179
111001243000  RT14049720001160     185                     5    20190600011600005862
111001244010  0RT1300890050296     521                     5    20190600502960011390
111001245000RT1517063360033073      71                     5    20190600330730066764
111001245010RT1517069760036208     161                     5    20190600362080067206
111001246000RT1516012010013670     372                     5    20190600136700055005
111001247000 0RT130610X0050684     589                     5    20190600506840007950
111001248000RT1516019270020219     648                     5    20190600202190055144
111001251000RT1517063400003890     141                     5    20190600038900066768
111001251010RT1517069750027800     451                     5    20190600278000067205
111001251020RT1516035590103782     243                     5    20190601033710058060
111001253010  0RT1321740001831    1007                     5    20190600018310029617
111001255000  0RT1200720001299     875                     5    20190600012990019385
120001256000  RT14040170025292     910                     5    20190600252920028367
111001259000  0RT1321300000359     759                     5    20190600003590019386
111001261000RT1517069710000366     220                     5    20190600003660067201
111001262000  RT14046750004593     470                     5    20190600045930021274
111001265000  RT14049760002376     203                     5    20190600023760006958
111001267000RT1516040270103992     251                     5    20190600039520067867
111001267001RT1516004910032523     255                     5    20190600325230055148
111001267002RT1516004950032522     263                     5    20190600325220055152
111001268000RT1517066100000362     147                     5    20190600003620067230
1110012690000RT151876690109336     196                     5    20190600261640082570
1110012720000RT151869080000373      25                     5    20190600003730082203
111001273000RT1516019290001349      10                     5    20190600013490055146
111001274000RT1514033610105417     468                     5    20190600003750062580
111001274010  0RT1523620039100    2957                     5    20190600391000034715
111001275000RT1516004960000374     452                     5    20190600003740055153
111001275010RT1517000140016394     395                     5    20190600163940062473
111001277000RT1516019260000370     516                     5    20190600003700055143
111001280000RT1517063340004472     210                     5    20190600044720066762
111001281000RT1516004930003996     345                     5    20190600039960055150
111001282000RT1516019300032465     383                     5    20190600324650055147
111001284000RT1517059070006765     144                     5    20190600067650070399
111001286000RT1516005000002966     890                     5    20190600029660055157
111001286010RT1516040680104107     158                     5    20190601036110060380
111001287000RT1517040970008652     262                     5    20190600086520067217
111001288000RT1517041000000988     409                     5    20190600009880067220
111001289000  0RT1138060001041     313                     5    20190600010410002498
111001290000RT1516004970009404     405                     5    20190600094040055154
111001291000RT1517040930000356     754                     5    20190600003560067213
111001291010RT1517040920036018     156                     5    20190600360180067212
111001298000RT1517069790041636     763                     5    20190600416360067209
111001300000  RT14049770001289      54                     5    20190600012890008086
111001301000RT1516019280023260       4                     5    20190600232600055145
111001302000  0RT0916230023153     265                     5    20190600231530019392
115001303000RT1517069720038524     146                     5    20190600385240067202
111001304000RT1517069780004773     128                     5    20190600047730067208
111001305000  0087488020000361    5631                     4    20190600003610008087
111001306000RT1516012100022493     448                     5    20190600224930055014
111001307000  0RT1138070000360    1586                     5    20190600003600021275
111001311000RT1517087880000371     196                     5    20190600003710071819
111001311010RT1517087890025752      97                     5    20190600257520071820
111001312000  0RT0927070001277    2818                     5    20190600012770004727
111001313000RT1517069800001276     309                     5    20190600012760067210
173001315000RT1516012090006783    1032                     5    20190600067830055013
111001316000RT1517069770006031     282                     5    20190600060310067207
111001324010RT1516005180021952     191                     5    20190600219520055196
111001325000RT1517040480000235     197                     5    20190600002350067238
111001326000RT1516005160003645     401                     5    20190600036450055194
111001327000RT1516005200002266     477                     5    20190600022660055198
111001328000RT1516005170000989     296                     5    20190600009890055195
1220013300000RT151859770024204     595                     5    20190600242040081172
111001333000RT1516019060004439     653                     5    20190600044390055249
123001334000RT1517054260018660     167                     5    20190600186600069575
111001340000RT1516009500001211     463                     5    20190600012110055167
111001342000RT1516019100022082      48                     5    20190600220820055174
111001343000RT1516009490018772     284                     5    20190600187720055166
111001351000RT1517040950005346     297                     5    20190600053460067215
111001356000RT1517040990001290      11                     5    20190600012900067219
111001357000  0RT1122560005678     645                     5    20190600056780014862
111001358000RT1517066020005168     151                     5    20190600051680067222
111001359000RT1517066050003869      60                     5    20190600038690067225
111001359001RT1517066010001929     257                     5    20190600019290067221
1150013590200RT151710220036948     224                     5    20190600369480062618
111001360000  RT14043420001116     221                     5    20190600011160018243
111001361000  RT14043410000348     124                     5    20190600003480003557
111001362000  RT14027180053948      43                     5    20190600539480002472
111001364000RT1517040960038695     163                     5    20190600386950067216
1110013660000RT151860220110468      42                     5    20190600020550081317
111001369000  0RT1324020001308     367                     5    20190600013080032887
111001374000  RT14046430001464     199                     5    20190600014640029618
111001375000  RT14046450000357     331                     5    20190600003570002500
111001376000RT1516009440001843      87                     5    20190600018430055161
111001377000  0RT1533220002663     796                     5    20190600026630001368
111001386000  0RT1321110001279     592                     5    20190600012790031764
1110013920000RT151710290005192     122                     5    20190600051920062625
121001400000  RT14040110000354    1087                     5    20190600003540007977
111001406000  0RT1013210027318    1298                     5    20190600273180017129
111001407000  RT14046410001423     156                     5    20190600014230023555
1110014080000RT151851280008249     201                     5    20190600082490080323
151001413000RT1516009410003627     133                     5    20190600036270055158
111001416000RT1516009450002483     267                     5    20190600024830055162
111001418000RT1517087900005976     225                     5    20190600059760071821
111001419000RT1516004980003904     331                     5    20190600039040055155
111001420000RT1516009430025576     556                     5    20190600255760055160
111001423000RT1517066070001203      68                     5    20190600012030067227
111001424000RT1516009420005749      10                     5    20190600057490055159
111001427000RT1517066030001060     108                     5    20190600010600067223
111001429000RT1517059100002238      28                     5    20190600022380070402
111001431000  0RT1317530002023    1260                     5    20190600020230010241
111001433000RT1517066060003696     237                     5    20190600036960067226
111001435000RT1516009480001285     602                     5    20190600012850055165
111001436000RT1517059020001346     231                     5    20190600013460070394
111001436050RT1516004990031340     228                     5    20190600313400055156
111001437000RT1517059010012063      45                     5    20190600120630070393
111001438000RT1516009470043656     183                     5    20190600436560055164
111001439000  0RT1138050023089    1194                     5    20190600230890008091
111001440000RT1517043520106622    1163                     5    20190600000110067076
1220014410000RT151868610030972     139                     5    20190600309720082156
1220014420000RT151859720030971      59                     5    20190600309710081167
111001448000  RT14043500004531     571                     5    20190600045310003559
121001450000RT1517054250004018      56                     5    20190600040180069574
111001452000RT1516019250008098      11                     5    20190600080980055142
111001454000RT1516005360000012     862                     5    20190600000120055204
111001455000RT1517026060024777     144                     5    20190600247770066453
111001456000RT1516019010003613      80                     5    20190600036130055169
111001457000RT1516019020003389     324                     5    20190600033890055170
111001458000RT1517040430007611     169                     5    20190600076110067233
111001459000RT1517040500003896     154                     5    20190600038960067240
111001460000RT1517040460000009     132                     5    20190600000090067236
111001461000RT1517040420008735     276                     5    20190600087350067232
111001462000RT1517040490008611      59                     5    20190600086110067239
111001466000  0RT1215410000008     550                     5    20190600000080009207
1110014670000RT151851290001906     102                     5    20190600019060080324
173001467001  0RT1105240001502     783                     5    20190600015020029034
111001467010RT1517040450035831     201                     5    20190600358310067235
111001468000RT1517040470008507     133                     5    20190600085070067237
111001469000  RT15004410011327     419                     5    20190600113270025786
111001470000RT1516005370006317     162                     5    20190600063170055205
111001471000RT1516005190000010     573                     5    20190600000100055197
120001471001  RT14040160025293     274                     5    20190600252930004604
111001471002RT1516005350020383     348                     5    20190600203830055203
115001471020RT1517040440038359     228                     5    20190600383590067234
111001472000RT1516005340019068     126                     5    20190600190680055202
111001473000RT1516005330020010     562                     5    20190600200100055201
111001479000RT1516005380004828       0                     5    20190600048280055206
120001480000  0RT1500040025294    2951                     5    20190600252940022325
111001509000RT1517040410002607     675                     5    20190600026070067231
111001510000RT1516019220001008     897                     5    20190600010080055139
111001512000  RT14047400000206     581                     5    20190600002060018246
111001513000RT1518109680111236       0                     5    20190600331600086837
111001515000RT1516019230007720     581                     5    20190600077200055140
111001516000  0RT0922140034392    1291                     5    20190600343920000800
111001517000RT1517041670015411     148                     5    20190600154110067247
111001518000  0RT1111490046483     267                     5    20190600464830027909
111001518010 0RT110128X0045299     816                     5    20190600452990003340
111001518020  0RT1215340049581     408                     5    20190600495810002341
111001518030RT1517056120106677     112                     5    20190601054280068107
111001519000RT1516018860103051     241                     5    20190600030900055607
111001519010RT1516019590103121     487                     5    20190600139010056834
111001520000RT1516047750001005      84                     5    20190600010050059174
111001521000  0RT1533660015677    4011                     5    20190600156770016004
111001522000  RT14047350003813     216                     5    20190600038130034009
111001523000  RT14047320001216     855                     5    20190600012160010243
1210015250000RT151815560031593     519                     5    20190600315930075460
111001529020RT1517034970039748     223                     5    20190600397480063167
111001529030RT1515009350040785    1390                     5    20190600407850050537
111001533000  RT14047340003875     624                     5    20190600038750034010
111001534000RT1517041620003877      66                     5    20190600038770067242
111001537000  RT14038610053904    1112                     5    20190600539040008055
1110015380000RT151879870110333      49                     5    20190600521100083690
111001538010 0RT100184X0043988     596                     5    20190600439880020795
111001539000RT2015004710000205     530                     5    20190600002050054502
115001541000RT1514015300105476     644                     5    20190601045780062651
111001541001RT1517026010046299     315                     5    20190600462990066448
111001542000  0RT1201040000204    1853                     5    20190600002040006961
111001542010  RT14028170052333     355                     5    20190600523330021196
111001542020  RT14034390053406     362                     5    20190600534060015962
111001543...0RT151857990109299      64                     5    20190601073070080994
111001543000RT1517041700003355     347                     5    20190600033550067250
111001543010RT1516019240013716     391                     5    20190600137160055141
111001545000RT1517041630005197     527                     5    20190600051970067243
111001547000  RT14047330101302     540                     5    20190600018900023557
111001548000RT1517076550000210     176                     5    20190600002100071983
111001549000RT1517026020024660     392                     5    20190600246600066449
111001550000RT1517026030035475     598                     5    20190600354750066450
111001552000  0RT1208620048899     823                     5    20190600488990012425
111001553000RT1517041660107404     139                     5    20190600053340067246
1110015540000RT151851270006151     138                     5    20190600061510080322
111001558000 000RT0135X0039774    1381                     5    20190600397740023127
111001560000  RT15004460012770     395                     5    20190600127700019389
111001561000  RT14042800053499     573                     5    20190600534990023499
111001568000RT1516046710000241     375                     5    20190600002410059129
111001569000  0RT1205140000239    1278                     5    20190600002390021276
111001571000  0RT1101060001291     990                     5    20190600012910008089
111001572000RT1517082770023473     124                     5    20190600234730071777
111001573000RT1516046730023590     295                     5    20190600235900059131
1110015750000RT151839630000245      72                     5    20190600002450078024
111001576000RT1517087870003428     187                     5    20190600034280071818
111001577000RT1516005150003064     222                     5    20190600030640055193
111001578000  0RT1309100005712     684                     5    20190600057120035506
111001579000  RT15004450012590       3                     5    20190600125900031767
1110015800000RT151839620000246     116                     5    20190600002460078023
111001580010RT1516046760030192     359                     5    20190600301920059134
111001581000  0RT1101030002461    1205                     5    20190600024610001369
111001582000RT1517087860003560     125                     5    20190600035600071817
111001582010  RT14002540052458     276                     5    20190600524580009135
111001583000  0RT0906800004502     934                     5    20190600045020013819
111001584000  0RT1309050001306     516                     5    20190600013060014863
111001586000RT1516046740000243     184                     5    20190600002430059132
111001586010RT1517014650105469     102                     5    20190601045720065881
1110015870000RT151869090005616      53                     5    20190600056160082204
111001588000RT1516046780023766     741                     5    20190600237660059136
111001589000  RT14009150001238     729                     5    20190600012380028499
111001590000RT1516046790003359      49                     5    20190600033590059137
111001591000RT1516046800033993     403                     5    20190600339930059138
115001591010RT1514048310105440     259                     5    20190601045520062574
111001592000  RT14024610003066     110                     5    20190600030660029621
111001593000  0RT0926970001328       2                     5    20190600013280028500
111001594000RT1516046770024540     230                     5    20190600245400059135
111001594010RT1516054780104393     139                     5    20190601038150061108
111001595000  RT14049790000248     511                     5    20190600002480021277
120001596000  RT14040640025295    1057                     5    20190600252950023434
111001598000RT1516005130014129     651                     5    20190600141290055191
1110015980010RT151867860110379      21                     5    20190601081860082081
111001604000  RT14024680006257      37                     5    20190600062570029622
111001604010  0RT1211230049109     188                     5    20190600491090035043
111001605000  RT14024700003729     337                     5    20190600037290030736
111001606000RT1516005140001957     628                     5    20190600019570055192
1110016070000RT151839700001212      83                     5    20190600012120078031
1150016090000RT151860890110183      28                     5    20190601080440081384
111001613000  0RT0915740000034    3335                     5    20190600000340031768
171001614000RT1517042470106644      33                     5    20190601054020066625
111001616000  RT14024660006385     114                     5    20190600063850003561
111001617010  RT15002330109073     154                     5    20190600548450050863
111001617020RT1515009820031394     121                     3    20190600313940050584
111001618000  0RT1009380029298     810                     5    20190600292980010245
111001619000RT1517041640009892     266                     5    20190600098920067244
111001622000  0RT2003670000026    4208                     5    20190600000260026867
111001622010RT1517041650022711     257                     5    20190600227110067245
111001624000RT1517077990107912     112                     5    20190600331410076146
111001633000RT2015001550014970     221                     5    20190600149700050964
111001633010RT1517035000035377     439                     5    20190600353770063170
111001633020RT1517041610043924      18                     5    20190600439240067241
